{
 "cells": [
  {
   "cell_type": "code",
   "execution_count": 5,
   "id": "abb60f20",
   "metadata": {},
   "outputs": [],
   "source": [
    "import pandas as pd\n",
    "import numpy as np\n",
    "import statsmodels.formula.api as smf\n",
    "import seaborn as sns\n",
    "import matplotlib.pyplot as plt\n",
    "import statsmodels.api as sm\n",
    "y1950 = pd.read_csv('1950.xls')\n",
    "y1960 = pd.read_csv('1960.xls')\n",
    "y1970 = pd.read_csv('1970.xls')\n",
    "y1980 = pd.read_csv('1980.xls')\n",
    "y1990 = pd.read_csv('1990.xls')\n",
    "y2000 = pd.read_csv('2000.xls')\n",
    "y2010 = pd.read_csv('2010.xls')"
   ]
  },
  {
   "cell_type": "code",
   "execution_count": 43,
   "id": "252a3861",
   "metadata": {},
   "outputs": [],
   "source": [
    "y1950['decade'] = 1950\n",
    "y1960['decade'] = 1960\n",
    "y1970['decade'] = 1970\n",
    "y1980['decade'] = 1980\n",
    "y1990['decade'] = 1990\n",
    "y2000['decade'] = 2000\n",
    "y2010['decade'] = 2010"
   ]
  },
  {
   "cell_type": "code",
   "execution_count": 50,
   "id": "e6ad5374",
   "metadata": {},
   "outputs": [
    {
     "data": {
      "text/plain": [
       "dtype('int64')"
      ]
     },
     "execution_count": 50,
     "metadata": {},
     "output_type": "execute_result"
    }
   ],
   "source": [
    "all_data = pd.concat([y1950,y1960,y1970,y1980,y1990,y2000,y2010])\n",
    "y1950.year.dtype"
   ]
  },
  {
   "cell_type": "code",
   "execution_count": 47,
   "id": "e74c6491",
   "metadata": {},
   "outputs": [
    {
     "data": {
      "text/html": [
       "<div>\n",
       "<style scoped>\n",
       "    .dataframe tbody tr th:only-of-type {\n",
       "        vertical-align: middle;\n",
       "    }\n",
       "\n",
       "    .dataframe tbody tr th {\n",
       "        vertical-align: top;\n",
       "    }\n",
       "\n",
       "    .dataframe thead th {\n",
       "        text-align: right;\n",
       "    }\n",
       "</style>\n",
       "<table border=\"1\" class=\"dataframe\">\n",
       "  <thead>\n",
       "    <tr style=\"text-align: right;\">\n",
       "      <th></th>\n",
       "      <th>Number</th>\n",
       "      <th>title</th>\n",
       "      <th>artist</th>\n",
       "      <th>top genre</th>\n",
       "      <th>year</th>\n",
       "      <th>bpm</th>\n",
       "      <th>nrgy</th>\n",
       "      <th>dnce</th>\n",
       "      <th>dB</th>\n",
       "      <th>live</th>\n",
       "      <th>val</th>\n",
       "      <th>dur</th>\n",
       "      <th>acous</th>\n",
       "      <th>spch</th>\n",
       "      <th>pop</th>\n",
       "      <th>decade</th>\n",
       "    </tr>\n",
       "  </thead>\n",
       "  <tbody>\n",
       "    <tr>\n",
       "      <th>0</th>\n",
       "      <td>1</td>\n",
       "      <td>Put Your Head On My Shoulder</td>\n",
       "      <td>Paul Anka</td>\n",
       "      <td>adult standards</td>\n",
       "      <td>2000</td>\n",
       "      <td>116</td>\n",
       "      <td>34</td>\n",
       "      <td>55</td>\n",
       "      <td>-9</td>\n",
       "      <td>10</td>\n",
       "      <td>47</td>\n",
       "      <td>155</td>\n",
       "      <td>75</td>\n",
       "      <td>3</td>\n",
       "      <td>72</td>\n",
       "      <td>1950</td>\n",
       "    </tr>\n",
       "    <tr>\n",
       "      <th>1</th>\n",
       "      <td>2</td>\n",
       "      <td>Whatever Will Be Will Be (Que Sera Sera) (with...</td>\n",
       "      <td>Doris Day</td>\n",
       "      <td>adult standards</td>\n",
       "      <td>1948</td>\n",
       "      <td>177</td>\n",
       "      <td>34</td>\n",
       "      <td>42</td>\n",
       "      <td>-11</td>\n",
       "      <td>72</td>\n",
       "      <td>78</td>\n",
       "      <td>123</td>\n",
       "      <td>86</td>\n",
       "      <td>4</td>\n",
       "      <td>62</td>\n",
       "      <td>1950</td>\n",
       "    </tr>\n",
       "    <tr>\n",
       "      <th>2</th>\n",
       "      <td>3</td>\n",
       "      <td>Everybody Loves Somebody</td>\n",
       "      <td>Dean Martin</td>\n",
       "      <td>adult standards</td>\n",
       "      <td>2013</td>\n",
       "      <td>81</td>\n",
       "      <td>49</td>\n",
       "      <td>26</td>\n",
       "      <td>-9</td>\n",
       "      <td>34</td>\n",
       "      <td>40</td>\n",
       "      <td>162</td>\n",
       "      <td>81</td>\n",
       "      <td>4</td>\n",
       "      <td>61</td>\n",
       "      <td>1950</td>\n",
       "    </tr>\n",
       "    <tr>\n",
       "      <th>3</th>\n",
       "      <td>4</td>\n",
       "      <td>Take Good Care Of My Baby - 1990 Remastered</td>\n",
       "      <td>Bobby Vee</td>\n",
       "      <td>adult standards</td>\n",
       "      <td>2011</td>\n",
       "      <td>82</td>\n",
       "      <td>43</td>\n",
       "      <td>49</td>\n",
       "      <td>-12</td>\n",
       "      <td>12</td>\n",
       "      <td>66</td>\n",
       "      <td>151</td>\n",
       "      <td>70</td>\n",
       "      <td>6</td>\n",
       "      <td>60</td>\n",
       "      <td>1950</td>\n",
       "    </tr>\n",
       "    <tr>\n",
       "      <th>4</th>\n",
       "      <td>5</td>\n",
       "      <td>A Teenager In Love</td>\n",
       "      <td>Dion &amp; The Belmonts</td>\n",
       "      <td>adult standards</td>\n",
       "      <td>1959</td>\n",
       "      <td>79</td>\n",
       "      <td>38</td>\n",
       "      <td>56</td>\n",
       "      <td>-9</td>\n",
       "      <td>13</td>\n",
       "      <td>62</td>\n",
       "      <td>158</td>\n",
       "      <td>67</td>\n",
       "      <td>3</td>\n",
       "      <td>60</td>\n",
       "      <td>1950</td>\n",
       "    </tr>\n",
       "  </tbody>\n",
       "</table>\n",
       "</div>"
      ],
      "text/plain": [
       "   Number                                              title  \\\n",
       "0       1                       Put Your Head On My Shoulder   \n",
       "1       2  Whatever Will Be Will Be (Que Sera Sera) (with...   \n",
       "2       3                           Everybody Loves Somebody   \n",
       "3       4        Take Good Care Of My Baby - 1990 Remastered   \n",
       "4       5                                 A Teenager In Love   \n",
       "\n",
       "                artist        top genre  year  bpm  nrgy  dnce  dB  live  val  \\\n",
       "0            Paul Anka  adult standards  2000  116    34    55  -9    10   47   \n",
       "1            Doris Day  adult standards  1948  177    34    42 -11    72   78   \n",
       "2          Dean Martin  adult standards  2013   81    49    26  -9    34   40   \n",
       "3            Bobby Vee  adult standards  2011   82    43    49 -12    12   66   \n",
       "4  Dion & The Belmonts  adult standards  1959   79    38    56  -9    13   62   \n",
       "\n",
       "   dur  acous  spch  pop  decade  \n",
       "0  155     75     3   72    1950  \n",
       "1  123     86     4   62    1950  \n",
       "2  162     81     4   61    1950  \n",
       "3  151     70     6   60    1950  \n",
       "4  158     67     3   60    1950  "
      ]
     },
     "execution_count": 47,
     "metadata": {},
     "output_type": "execute_result"
    }
   ],
   "source": [
    "y1950.head() # some re-releases of songs show up in earlier decades, but the 'year' is a later date\n",
    "#ex: Paul Anka's \"Put Your Head On My Shoulder\" - in 1950s, release year is 2000."
   ]
  },
  {
   "cell_type": "code",
   "execution_count": 45,
   "id": "ed5004da",
   "metadata": {},
   "outputs": [
    {
     "data": {
      "text/html": [
       "<div>\n",
       "<style scoped>\n",
       "    .dataframe tbody tr th:only-of-type {\n",
       "        vertical-align: middle;\n",
       "    }\n",
       "\n",
       "    .dataframe tbody tr th {\n",
       "        vertical-align: top;\n",
       "    }\n",
       "\n",
       "    .dataframe thead th {\n",
       "        text-align: right;\n",
       "    }\n",
       "</style>\n",
       "<table border=\"1\" class=\"dataframe\">\n",
       "  <thead>\n",
       "    <tr style=\"text-align: right;\">\n",
       "      <th></th>\n",
       "      <th>Number</th>\n",
       "      <th>year</th>\n",
       "      <th>bpm</th>\n",
       "      <th>nrgy</th>\n",
       "      <th>dnce</th>\n",
       "      <th>dB</th>\n",
       "      <th>live</th>\n",
       "      <th>val</th>\n",
       "      <th>dur</th>\n",
       "      <th>acous</th>\n",
       "      <th>spch</th>\n",
       "      <th>pop</th>\n",
       "      <th>decade</th>\n",
       "    </tr>\n",
       "  </thead>\n",
       "  <tbody>\n",
       "    <tr>\n",
       "      <th>Number</th>\n",
       "      <td>1.000000</td>\n",
       "      <td>-0.419685</td>\n",
       "      <td>-0.108064</td>\n",
       "      <td>0.423453</td>\n",
       "      <td>-0.069998</td>\n",
       "      <td>0.356519</td>\n",
       "      <td>0.104397</td>\n",
       "      <td>0.165425</td>\n",
       "      <td>0.067154</td>\n",
       "      <td>-0.246155</td>\n",
       "      <td>-0.185075</td>\n",
       "      <td>-0.874115</td>\n",
       "      <td>NaN</td>\n",
       "    </tr>\n",
       "    <tr>\n",
       "      <th>year</th>\n",
       "      <td>-0.419685</td>\n",
       "      <td>1.000000</td>\n",
       "      <td>0.026997</td>\n",
       "      <td>-0.404827</td>\n",
       "      <td>0.266851</td>\n",
       "      <td>-0.216683</td>\n",
       "      <td>-0.072513</td>\n",
       "      <td>-0.202528</td>\n",
       "      <td>-0.205454</td>\n",
       "      <td>0.240611</td>\n",
       "      <td>0.123326</td>\n",
       "      <td>0.352484</td>\n",
       "      <td>NaN</td>\n",
       "    </tr>\n",
       "    <tr>\n",
       "      <th>bpm</th>\n",
       "      <td>-0.108064</td>\n",
       "      <td>0.026997</td>\n",
       "      <td>1.000000</td>\n",
       "      <td>0.026813</td>\n",
       "      <td>-0.076467</td>\n",
       "      <td>-0.043644</td>\n",
       "      <td>-0.014262</td>\n",
       "      <td>-0.076299</td>\n",
       "      <td>-0.027527</td>\n",
       "      <td>-0.057103</td>\n",
       "      <td>0.079919</td>\n",
       "      <td>0.117333</td>\n",
       "      <td>NaN</td>\n",
       "    </tr>\n",
       "    <tr>\n",
       "      <th>nrgy</th>\n",
       "      <td>0.423453</td>\n",
       "      <td>-0.404827</td>\n",
       "      <td>0.026813</td>\n",
       "      <td>1.000000</td>\n",
       "      <td>0.061161</td>\n",
       "      <td>0.794119</td>\n",
       "      <td>0.174272</td>\n",
       "      <td>0.424567</td>\n",
       "      <td>-0.174527</td>\n",
       "      <td>-0.510088</td>\n",
       "      <td>-0.083491</td>\n",
       "      <td>-0.388912</td>\n",
       "      <td>NaN</td>\n",
       "    </tr>\n",
       "    <tr>\n",
       "      <th>dnce</th>\n",
       "      <td>-0.069998</td>\n",
       "      <td>0.266851</td>\n",
       "      <td>-0.076467</td>\n",
       "      <td>0.061161</td>\n",
       "      <td>1.000000</td>\n",
       "      <td>0.132524</td>\n",
       "      <td>0.045431</td>\n",
       "      <td>0.387219</td>\n",
       "      <td>-0.274811</td>\n",
       "      <td>-0.103396</td>\n",
       "      <td>0.002579</td>\n",
       "      <td>-0.008668</td>\n",
       "      <td>NaN</td>\n",
       "    </tr>\n",
       "    <tr>\n",
       "      <th>dB</th>\n",
       "      <td>0.356519</td>\n",
       "      <td>-0.216683</td>\n",
       "      <td>-0.043644</td>\n",
       "      <td>0.794119</td>\n",
       "      <td>0.132524</td>\n",
       "      <td>1.000000</td>\n",
       "      <td>0.069180</td>\n",
       "      <td>0.375732</td>\n",
       "      <td>-0.213595</td>\n",
       "      <td>-0.355173</td>\n",
       "      <td>-0.280863</td>\n",
       "      <td>-0.356269</td>\n",
       "      <td>NaN</td>\n",
       "    </tr>\n",
       "    <tr>\n",
       "      <th>live</th>\n",
       "      <td>0.104397</td>\n",
       "      <td>-0.072513</td>\n",
       "      <td>-0.014262</td>\n",
       "      <td>0.174272</td>\n",
       "      <td>0.045431</td>\n",
       "      <td>0.069180</td>\n",
       "      <td>1.000000</td>\n",
       "      <td>0.005110</td>\n",
       "      <td>0.137844</td>\n",
       "      <td>-0.183309</td>\n",
       "      <td>0.005708</td>\n",
       "      <td>-0.030804</td>\n",
       "      <td>NaN</td>\n",
       "    </tr>\n",
       "    <tr>\n",
       "      <th>val</th>\n",
       "      <td>0.165425</td>\n",
       "      <td>-0.202528</td>\n",
       "      <td>-0.076299</td>\n",
       "      <td>0.424567</td>\n",
       "      <td>0.387219</td>\n",
       "      <td>0.375732</td>\n",
       "      <td>0.005110</td>\n",
       "      <td>1.000000</td>\n",
       "      <td>-0.174337</td>\n",
       "      <td>-0.061060</td>\n",
       "      <td>-0.039430</td>\n",
       "      <td>-0.194638</td>\n",
       "      <td>NaN</td>\n",
       "    </tr>\n",
       "    <tr>\n",
       "      <th>dur</th>\n",
       "      <td>0.067154</td>\n",
       "      <td>-0.205454</td>\n",
       "      <td>-0.027527</td>\n",
       "      <td>-0.174527</td>\n",
       "      <td>-0.274811</td>\n",
       "      <td>-0.213595</td>\n",
       "      <td>0.137844</td>\n",
       "      <td>-0.174337</td>\n",
       "      <td>1.000000</td>\n",
       "      <td>0.052761</td>\n",
       "      <td>-0.050768</td>\n",
       "      <td>0.009269</td>\n",
       "      <td>NaN</td>\n",
       "    </tr>\n",
       "    <tr>\n",
       "      <th>acous</th>\n",
       "      <td>-0.246155</td>\n",
       "      <td>0.240611</td>\n",
       "      <td>-0.057103</td>\n",
       "      <td>-0.510088</td>\n",
       "      <td>-0.103396</td>\n",
       "      <td>-0.355173</td>\n",
       "      <td>-0.183309</td>\n",
       "      <td>-0.061060</td>\n",
       "      <td>0.052761</td>\n",
       "      <td>1.000000</td>\n",
       "      <td>0.115504</td>\n",
       "      <td>0.230120</td>\n",
       "      <td>NaN</td>\n",
       "    </tr>\n",
       "    <tr>\n",
       "      <th>spch</th>\n",
       "      <td>-0.185075</td>\n",
       "      <td>0.123326</td>\n",
       "      <td>0.079919</td>\n",
       "      <td>-0.083491</td>\n",
       "      <td>0.002579</td>\n",
       "      <td>-0.280863</td>\n",
       "      <td>0.005708</td>\n",
       "      <td>-0.039430</td>\n",
       "      <td>-0.050768</td>\n",
       "      <td>0.115504</td>\n",
       "      <td>1.000000</td>\n",
       "      <td>0.175775</td>\n",
       "      <td>NaN</td>\n",
       "    </tr>\n",
       "    <tr>\n",
       "      <th>pop</th>\n",
       "      <td>-0.874115</td>\n",
       "      <td>0.352484</td>\n",
       "      <td>0.117333</td>\n",
       "      <td>-0.388912</td>\n",
       "      <td>-0.008668</td>\n",
       "      <td>-0.356269</td>\n",
       "      <td>-0.030804</td>\n",
       "      <td>-0.194638</td>\n",
       "      <td>0.009269</td>\n",
       "      <td>0.230120</td>\n",
       "      <td>0.175775</td>\n",
       "      <td>1.000000</td>\n",
       "      <td>NaN</td>\n",
       "    </tr>\n",
       "    <tr>\n",
       "      <th>decade</th>\n",
       "      <td>NaN</td>\n",
       "      <td>NaN</td>\n",
       "      <td>NaN</td>\n",
       "      <td>NaN</td>\n",
       "      <td>NaN</td>\n",
       "      <td>NaN</td>\n",
       "      <td>NaN</td>\n",
       "      <td>NaN</td>\n",
       "      <td>NaN</td>\n",
       "      <td>NaN</td>\n",
       "      <td>NaN</td>\n",
       "      <td>NaN</td>\n",
       "      <td>NaN</td>\n",
       "    </tr>\n",
       "  </tbody>\n",
       "</table>\n",
       "</div>"
      ],
      "text/plain": [
       "          Number      year       bpm      nrgy      dnce        dB      live  \\\n",
       "Number  1.000000 -0.419685 -0.108064  0.423453 -0.069998  0.356519  0.104397   \n",
       "year   -0.419685  1.000000  0.026997 -0.404827  0.266851 -0.216683 -0.072513   \n",
       "bpm    -0.108064  0.026997  1.000000  0.026813 -0.076467 -0.043644 -0.014262   \n",
       "nrgy    0.423453 -0.404827  0.026813  1.000000  0.061161  0.794119  0.174272   \n",
       "dnce   -0.069998  0.266851 -0.076467  0.061161  1.000000  0.132524  0.045431   \n",
       "dB      0.356519 -0.216683 -0.043644  0.794119  0.132524  1.000000  0.069180   \n",
       "live    0.104397 -0.072513 -0.014262  0.174272  0.045431  0.069180  1.000000   \n",
       "val     0.165425 -0.202528 -0.076299  0.424567  0.387219  0.375732  0.005110   \n",
       "dur     0.067154 -0.205454 -0.027527 -0.174527 -0.274811 -0.213595  0.137844   \n",
       "acous  -0.246155  0.240611 -0.057103 -0.510088 -0.103396 -0.355173 -0.183309   \n",
       "spch   -0.185075  0.123326  0.079919 -0.083491  0.002579 -0.280863  0.005708   \n",
       "pop    -0.874115  0.352484  0.117333 -0.388912 -0.008668 -0.356269 -0.030804   \n",
       "decade       NaN       NaN       NaN       NaN       NaN       NaN       NaN   \n",
       "\n",
       "             val       dur     acous      spch       pop  decade  \n",
       "Number  0.165425  0.067154 -0.246155 -0.185075 -0.874115     NaN  \n",
       "year   -0.202528 -0.205454  0.240611  0.123326  0.352484     NaN  \n",
       "bpm    -0.076299 -0.027527 -0.057103  0.079919  0.117333     NaN  \n",
       "nrgy    0.424567 -0.174527 -0.510088 -0.083491 -0.388912     NaN  \n",
       "dnce    0.387219 -0.274811 -0.103396  0.002579 -0.008668     NaN  \n",
       "dB      0.375732 -0.213595 -0.355173 -0.280863 -0.356269     NaN  \n",
       "live    0.005110  0.137844 -0.183309  0.005708 -0.030804     NaN  \n",
       "val     1.000000 -0.174337 -0.061060 -0.039430 -0.194638     NaN  \n",
       "dur    -0.174337  1.000000  0.052761 -0.050768  0.009269     NaN  \n",
       "acous  -0.061060  0.052761  1.000000  0.115504  0.230120     NaN  \n",
       "spch   -0.039430 -0.050768  0.115504  1.000000  0.175775     NaN  \n",
       "pop    -0.194638  0.009269  0.230120  0.175775  1.000000     NaN  \n",
       "decade       NaN       NaN       NaN       NaN       NaN     NaN  "
      ]
     },
     "execution_count": 45,
     "metadata": {},
     "output_type": "execute_result"
    }
   ],
   "source": [
    "y2010.corr()"
   ]
  },
  {
   "cell_type": "code",
   "execution_count": 51,
   "id": "ad55bed2",
   "metadata": {},
   "outputs": [
    {
     "data": {
      "text/html": [
       "<div>\n",
       "<style scoped>\n",
       "    .dataframe tbody tr th:only-of-type {\n",
       "        vertical-align: middle;\n",
       "    }\n",
       "\n",
       "    .dataframe tbody tr th {\n",
       "        vertical-align: top;\n",
       "    }\n",
       "\n",
       "    .dataframe thead th {\n",
       "        text-align: right;\n",
       "    }\n",
       "</style>\n",
       "<table border=\"1\" class=\"dataframe\">\n",
       "  <thead>\n",
       "    <tr style=\"text-align: right;\">\n",
       "      <th></th>\n",
       "      <th>Number</th>\n",
       "      <th>year</th>\n",
       "      <th>bpm</th>\n",
       "      <th>nrgy</th>\n",
       "      <th>dnce</th>\n",
       "      <th>dB</th>\n",
       "      <th>live</th>\n",
       "      <th>val</th>\n",
       "      <th>dur</th>\n",
       "      <th>acous</th>\n",
       "      <th>spch</th>\n",
       "      <th>pop</th>\n",
       "      <th>decade</th>\n",
       "    </tr>\n",
       "  </thead>\n",
       "  <tbody>\n",
       "    <tr>\n",
       "      <th>Number</th>\n",
       "      <td>1.000000</td>\n",
       "      <td>0.122851</td>\n",
       "      <td>0.030950</td>\n",
       "      <td>0.174730</td>\n",
       "      <td>0.046153</td>\n",
       "      <td>0.042841</td>\n",
       "      <td>0.046433</td>\n",
       "      <td>0.089254</td>\n",
       "      <td>0.058410</td>\n",
       "      <td>-0.074355</td>\n",
       "      <td>-0.059867</td>\n",
       "      <td>-0.519745</td>\n",
       "      <td>0.071529</td>\n",
       "    </tr>\n",
       "    <tr>\n",
       "      <th>year</th>\n",
       "      <td>0.122851</td>\n",
       "      <td>1.000000</td>\n",
       "      <td>-0.020790</td>\n",
       "      <td>0.195329</td>\n",
       "      <td>0.273865</td>\n",
       "      <td>0.422602</td>\n",
       "      <td>-0.001603</td>\n",
       "      <td>-0.087055</td>\n",
       "      <td>-0.099655</td>\n",
       "      <td>-0.241289</td>\n",
       "      <td>0.193292</td>\n",
       "      <td>0.160467</td>\n",
       "      <td>0.580309</td>\n",
       "    </tr>\n",
       "    <tr>\n",
       "      <th>bpm</th>\n",
       "      <td>0.030950</td>\n",
       "      <td>-0.020790</td>\n",
       "      <td>1.000000</td>\n",
       "      <td>0.179329</td>\n",
       "      <td>-0.057710</td>\n",
       "      <td>0.044748</td>\n",
       "      <td>0.009960</td>\n",
       "      <td>0.084723</td>\n",
       "      <td>0.038277</td>\n",
       "      <td>-0.175530</td>\n",
       "      <td>0.059116</td>\n",
       "      <td>0.066558</td>\n",
       "      <td>0.060434</td>\n",
       "    </tr>\n",
       "    <tr>\n",
       "      <th>nrgy</th>\n",
       "      <td>0.174730</td>\n",
       "      <td>0.195329</td>\n",
       "      <td>0.179329</td>\n",
       "      <td>1.000000</td>\n",
       "      <td>0.331962</td>\n",
       "      <td>0.702543</td>\n",
       "      <td>0.132563</td>\n",
       "      <td>0.405190</td>\n",
       "      <td>0.131228</td>\n",
       "      <td>-0.665900</td>\n",
       "      <td>0.178491</td>\n",
       "      <td>0.271798</td>\n",
       "      <td>0.428114</td>\n",
       "    </tr>\n",
       "    <tr>\n",
       "      <th>dnce</th>\n",
       "      <td>0.046153</td>\n",
       "      <td>0.273865</td>\n",
       "      <td>-0.057710</td>\n",
       "      <td>0.331962</td>\n",
       "      <td>1.000000</td>\n",
       "      <td>0.295534</td>\n",
       "      <td>-0.069818</td>\n",
       "      <td>0.454714</td>\n",
       "      <td>0.053011</td>\n",
       "      <td>-0.382297</td>\n",
       "      <td>0.207741</td>\n",
       "      <td>0.249302</td>\n",
       "      <td>0.398135</td>\n",
       "    </tr>\n",
       "    <tr>\n",
       "      <th>dB</th>\n",
       "      <td>0.042841</td>\n",
       "      <td>0.422602</td>\n",
       "      <td>0.044748</td>\n",
       "      <td>0.702543</td>\n",
       "      <td>0.295534</td>\n",
       "      <td>1.000000</td>\n",
       "      <td>0.083423</td>\n",
       "      <td>0.136813</td>\n",
       "      <td>0.026851</td>\n",
       "      <td>-0.504551</td>\n",
       "      <td>0.200195</td>\n",
       "      <td>0.365172</td>\n",
       "      <td>0.561361</td>\n",
       "    </tr>\n",
       "    <tr>\n",
       "      <th>live</th>\n",
       "      <td>0.046433</td>\n",
       "      <td>-0.001603</td>\n",
       "      <td>0.009960</td>\n",
       "      <td>0.132563</td>\n",
       "      <td>-0.069818</td>\n",
       "      <td>0.083423</td>\n",
       "      <td>1.000000</td>\n",
       "      <td>0.060542</td>\n",
       "      <td>-0.067533</td>\n",
       "      <td>-0.056394</td>\n",
       "      <td>0.091595</td>\n",
       "      <td>-0.036505</td>\n",
       "      <td>-0.025042</td>\n",
       "    </tr>\n",
       "    <tr>\n",
       "      <th>val</th>\n",
       "      <td>0.089254</td>\n",
       "      <td>-0.087055</td>\n",
       "      <td>0.084723</td>\n",
       "      <td>0.405190</td>\n",
       "      <td>0.454714</td>\n",
       "      <td>0.136813</td>\n",
       "      <td>0.060542</td>\n",
       "      <td>1.000000</td>\n",
       "      <td>-0.118664</td>\n",
       "      <td>-0.196375</td>\n",
       "      <td>0.053817</td>\n",
       "      <td>-0.102418</td>\n",
       "      <td>-0.128770</td>\n",
       "    </tr>\n",
       "    <tr>\n",
       "      <th>dur</th>\n",
       "      <td>0.058410</td>\n",
       "      <td>-0.099655</td>\n",
       "      <td>0.038277</td>\n",
       "      <td>0.131228</td>\n",
       "      <td>0.053011</td>\n",
       "      <td>0.026851</td>\n",
       "      <td>-0.067533</td>\n",
       "      <td>-0.118664</td>\n",
       "      <td>1.000000</td>\n",
       "      <td>-0.227505</td>\n",
       "      <td>0.045265</td>\n",
       "      <td>0.280501</td>\n",
       "      <td>0.262528</td>\n",
       "    </tr>\n",
       "    <tr>\n",
       "      <th>acous</th>\n",
       "      <td>-0.074355</td>\n",
       "      <td>-0.241289</td>\n",
       "      <td>-0.175530</td>\n",
       "      <td>-0.665900</td>\n",
       "      <td>-0.382297</td>\n",
       "      <td>-0.504551</td>\n",
       "      <td>-0.056394</td>\n",
       "      <td>-0.196375</td>\n",
       "      <td>-0.227505</td>\n",
       "      <td>1.000000</td>\n",
       "      <td>-0.172820</td>\n",
       "      <td>-0.455239</td>\n",
       "      <td>-0.581004</td>\n",
       "    </tr>\n",
       "    <tr>\n",
       "      <th>spch</th>\n",
       "      <td>-0.059867</td>\n",
       "      <td>0.193292</td>\n",
       "      <td>0.059116</td>\n",
       "      <td>0.178491</td>\n",
       "      <td>0.207741</td>\n",
       "      <td>0.200195</td>\n",
       "      <td>0.091595</td>\n",
       "      <td>0.053817</td>\n",
       "      <td>0.045265</td>\n",
       "      <td>-0.172820</td>\n",
       "      <td>1.000000</td>\n",
       "      <td>0.192929</td>\n",
       "      <td>0.288117</td>\n",
       "    </tr>\n",
       "    <tr>\n",
       "      <th>pop</th>\n",
       "      <td>-0.519745</td>\n",
       "      <td>0.160467</td>\n",
       "      <td>0.066558</td>\n",
       "      <td>0.271798</td>\n",
       "      <td>0.249302</td>\n",
       "      <td>0.365172</td>\n",
       "      <td>-0.036505</td>\n",
       "      <td>-0.102418</td>\n",
       "      <td>0.280501</td>\n",
       "      <td>-0.455239</td>\n",
       "      <td>0.192929</td>\n",
       "      <td>1.000000</td>\n",
       "      <td>0.661528</td>\n",
       "    </tr>\n",
       "    <tr>\n",
       "      <th>decade</th>\n",
       "      <td>0.071529</td>\n",
       "      <td>0.580309</td>\n",
       "      <td>0.060434</td>\n",
       "      <td>0.428114</td>\n",
       "      <td>0.398135</td>\n",
       "      <td>0.561361</td>\n",
       "      <td>-0.025042</td>\n",
       "      <td>-0.128770</td>\n",
       "      <td>0.262528</td>\n",
       "      <td>-0.581004</td>\n",
       "      <td>0.288117</td>\n",
       "      <td>0.661528</td>\n",
       "      <td>1.000000</td>\n",
       "    </tr>\n",
       "  </tbody>\n",
       "</table>\n",
       "</div>"
      ],
      "text/plain": [
       "          Number      year       bpm      nrgy      dnce        dB      live  \\\n",
       "Number  1.000000  0.122851  0.030950  0.174730  0.046153  0.042841  0.046433   \n",
       "year    0.122851  1.000000 -0.020790  0.195329  0.273865  0.422602 -0.001603   \n",
       "bpm     0.030950 -0.020790  1.000000  0.179329 -0.057710  0.044748  0.009960   \n",
       "nrgy    0.174730  0.195329  0.179329  1.000000  0.331962  0.702543  0.132563   \n",
       "dnce    0.046153  0.273865 -0.057710  0.331962  1.000000  0.295534 -0.069818   \n",
       "dB      0.042841  0.422602  0.044748  0.702543  0.295534  1.000000  0.083423   \n",
       "live    0.046433 -0.001603  0.009960  0.132563 -0.069818  0.083423  1.000000   \n",
       "val     0.089254 -0.087055  0.084723  0.405190  0.454714  0.136813  0.060542   \n",
       "dur     0.058410 -0.099655  0.038277  0.131228  0.053011  0.026851 -0.067533   \n",
       "acous  -0.074355 -0.241289 -0.175530 -0.665900 -0.382297 -0.504551 -0.056394   \n",
       "spch   -0.059867  0.193292  0.059116  0.178491  0.207741  0.200195  0.091595   \n",
       "pop    -0.519745  0.160467  0.066558  0.271798  0.249302  0.365172 -0.036505   \n",
       "decade  0.071529  0.580309  0.060434  0.428114  0.398135  0.561361 -0.025042   \n",
       "\n",
       "             val       dur     acous      spch       pop    decade  \n",
       "Number  0.089254  0.058410 -0.074355 -0.059867 -0.519745  0.071529  \n",
       "year   -0.087055 -0.099655 -0.241289  0.193292  0.160467  0.580309  \n",
       "bpm     0.084723  0.038277 -0.175530  0.059116  0.066558  0.060434  \n",
       "nrgy    0.405190  0.131228 -0.665900  0.178491  0.271798  0.428114  \n",
       "dnce    0.454714  0.053011 -0.382297  0.207741  0.249302  0.398135  \n",
       "dB      0.136813  0.026851 -0.504551  0.200195  0.365172  0.561361  \n",
       "live    0.060542 -0.067533 -0.056394  0.091595 -0.036505 -0.025042  \n",
       "val     1.000000 -0.118664 -0.196375  0.053817 -0.102418 -0.128770  \n",
       "dur    -0.118664  1.000000 -0.227505  0.045265  0.280501  0.262528  \n",
       "acous  -0.196375 -0.227505  1.000000 -0.172820 -0.455239 -0.581004  \n",
       "spch    0.053817  0.045265 -0.172820  1.000000  0.192929  0.288117  \n",
       "pop    -0.102418  0.280501 -0.455239  0.192929  1.000000  0.661528  \n",
       "decade -0.128770  0.262528 -0.581004  0.288117  0.661528  1.000000  "
      ]
     },
     "execution_count": 51,
     "metadata": {},
     "output_type": "execute_result"
    }
   ],
   "source": [
    "all_data.corr() #popularity and decade are mildly correlated, also decade and acous decade and dB\n",
    "#popularity correlated-ish with dB? acous, decade"
   ]
  },
  {
   "cell_type": "code",
   "execution_count": null,
   "id": "dfc5f325",
   "metadata": {},
   "outputs": [],
   "source": []
  }
 ],
 "metadata": {
  "kernelspec": {
   "display_name": "Python 3 (ipykernel)",
   "language": "python",
   "name": "python3"
  },
  "language_info": {
   "codemirror_mode": {
    "name": "ipython",
    "version": 3
   },
   "file_extension": ".py",
   "mimetype": "text/x-python",
   "name": "python",
   "nbconvert_exporter": "python",
   "pygments_lexer": "ipython3",
   "version": "3.9.13"
  }
 },
 "nbformat": 4,
 "nbformat_minor": 5
}
